# Trial number:      232
# HOTA, MOTA, IDF1:  [45.31]
appearance_thresh: 0.3818211117541298
cmc_method: sparseOptFlow
conf_thres: 0.3001265956918775
frame_rate: 30
match_thresh: 0.20734550911325851
new_track_thresh: 0.21144301345190655
proximity_thresh: 0.5045380911899254
track_buffer: 60
track_high_thresh: 0.28824964456239337
track_low_thresh: 0.1
